cam_bcb_to_velodyne64: -0.03898958118982126 1.3513920956750798 -7.259009520334407 -0.49463830566425676 -0.4985242097057072 0.5064066624236446 -0.5003587224780218
cam_bcb_D: -0.0269297268 -0.00787592493 3.36575722e-05 0.00113392016
cam_bcb_K: 1679.15039 0 1930.48901 0 1678.64856 1075.85901 0 0 1
cam_bcb_image_width: 3840
cam_bcb_image_height: 2160
cam_bcb_image_scale: 1
cam_blf_to_velodyne64: 2.5210054985519155 1.2641292350593079 0.511867710780213 0.6526523887338642 -0.2560867734277294 0.26184923039273456 0.6632491270239927
cam_blf_D: -0.0383424 -0.00139686 -0.0127432 0.00652882
cam_blf_K: 842.82843 0 942.591736 0 842.997681 470.475098 0 0 1
cam_blf_image_width: 1920
cam_blf_image_height: 960
cam_blf_image_scale: 1
cam_brf_to_velodyne64: -2.536829198263775 1.2322255520271903 0.6046633838489512 0.2752823384913091 -0.6503830042714018 0.6561816662212201 0.26579541528176426
cam_brf_D: -0.0374202 -0.00485114 -0.00832207 0.00459303
cam_brf_K: 844.593811 0 948.224609 0 844.733948 469.545044 0 0 1
cam_brf_image_width: 1920
cam_brf_image_height: 960
cam_brf_image_scale: 1
cam_fcf_to_velodyne64: 0.00849402580206938 1.2779936501098874 -7.210656009116261 0.4926301430015589 -0.49604428817756197 0.5012334916893015 0.5099221442354024
cam_fcf_D: -0.0263034534 -0.0104025528 0.00237402716 0.000379040226
cam_fcf_K: 1683.75757 0 1933.33728 0 1683.11316 1077.16382 0 0 1
cam_fcf_image_width: 3840
cam_fcf_image_height: 2160
cam_fcf_image_scale: 1
cam_flb_to_velodyne64: -2.4478284932792445 1.2796117405633758 0.6724057264052954 0.6470943224658001 0.2855358618460645 -0.28007148983622326 0.6490748570182567
cam_flb_D: -0.0385002 -0.00503458 -0.0078788 0.00452819
cam_flb_K: 848.457 0 946.752563 0 848.575073 470.072327 0 0 1
cam_flb_image_width: 1920
cam_flb_image_height: 960
cam_flb_image_scale: 1
cam_frb_to_velodyne64: 2.4629187182601022 1.3019446077332844 0.517659758565644 -0.2647454082861271 -0.6381447215476236 0.6692227840187778 -0.2735361923082105
cam_frb_D: -0.0363561 -0.0165225 0.0159864 -0.0118966
cam_frb_K: 844.515076 0 946.982605 0 844.618225 468.814331 0 0 1
cam_frb_image_width: 1920
cam_frb_image_height: 960
cam_frb_image_scale: 1
fisheye_bcb_to_velodyne64: -0.1404490618336374 4.208550510657318 -6.03555106517011 0.5990144495436474 0.6147478559286734 -0.3652787625665531 0.36033066548223136
fisheye_bcb_D: 0.126618147 0.0265168361 -0.0304510519 0.00500628492
fisheye_bcb_K: 293.468842 0 639.562866 0 292.720856 480.246948 0 0 1
fisheye_bcb_image_width: 1280
fisheye_bcb_image_height: 960
fisheye_bcb_image_scale: 1
fisheye_bll_to_velodyne64: 5.462052248251594 1.8426754065844813 -0.3558547222370446 0.8876971475665617 0.008919992372499288 0.006777560789901631 0.46029150829447607
fisheye_bll_D: 0.133830145 0.0108923558 -0.0198686048 0.00278853904
fisheye_bll_K: 290.636078 0 640.262268 0 290.489868 479.322845 0 0 1
fisheye_bll_image_width: 1280
fisheye_bll_image_height: 960
fisheye_bll_image_scale: 1
fisheye_brr_to_velodyne64: -5.506093321244663 1.6924880363655297 -0.5540943823072624 0.00029039311905226345 0.8824733721469834 -0.47025921816568095 0.009845346797891208
fisheye_brr_D: 0.13595961 0.0114927618 -0.0213720556 0.00318938331
fisheye_brr_K: 291.381378 0 641.083923 0 291.134552 479.596436 0 0 1
fisheye_brr_image_width: 1280
fisheye_brr_image_height: 960
fisheye_brr_image_scale: 1
fisheye_fcf_to_velodyne64: 0.012227207329968258 4.377117143464673 -5.852759691614594 0.6156095775259454 -0.6102754268457073 0.356549592010158 0.3485127542630352
fisheye_fcf_D: 0.139287204 0.00623275619 -0.0179849025 0.00252059824
fisheye_fcf_K: 289.822601 0 639.521912 0 289.706635 479.774597 0 0 1
fisheye_fcf_image_width: 1280
fisheye_fcf_image_height: 960
fisheye_fcf_image_scale: 1
fisheye_fll_to_velodyne64: -5.419172216716635 1.810259141343171 -0.4332831946313925 0.8875927461676447 -0.005523765544297473 -0.0013612209980737714 0.4605939122938831
fisheye_fll_D: 0.14284417 0.00378227793 -0.0168595016 0.00232306519
fisheye_fll_K: 290.286224 0 639.962891 0 289.844635 478.716492 0 0 1
fisheye_fll_image_width: 1280
fisheye_fll_image_height: 960
fisheye_fll_image_scale: 1
fisheye_frr_to_velodyne64: 5.401656623819199 1.8652025329105255 -0.30137224420029246 -0.008877037107877859 0.8931367964140596 -0.4496466113878727 0.00676653314625175
fisheye_frr_D: 0.136242032 0.0102523277 -0.0200176705 0.00284645194
fisheye_frr_K: 291.147 0 640.132812 0 291.142487 478.89859 0 0 1
fisheye_frr_image_width: 1280
fisheye_frr_image_height: 960
fisheye_frr_image_scale: 1
